	feature1	feature2	feature3	feature4	feature5	feature6	feature7	feature8	feature9	feature10	feature11	feature12	feature13	feature14	label
0	0.019230001	0.166859999	0.788699985	0.01877	0.01206	0.00409	0.00339	0.0033399999999999997	0.01511	0.0043	0.00591	0.013999999999999999	0.00147	0.00047000000000000004	0
1	0.252880007	0.449059993	0.209490001	0.077849999	0.217419997	0.00118	0.052719999000000003	0.00615	0.076520003	0.00624	0.00517	0.029419999999999998	0.00463	0.0139	0
2	0.31880000199999997	0.480800003	0.0255	0.16240000699999999	0.049899999	0.0009	0.041200001	0.0018	0.082599998	0.0	0.039900001000000004	0.038899999	0.016000001	0.062899999	0
3	0.312700003	0.421299994	0.254400015	0.0004	0.308499992	0.0002	0.0012	0.0003	0.0	0.002	0.0036	0.0044	0.062399998	0.0071	0
4	0.632300019	0.301400006	0.024800001000000002	0.0024	0.054900002	0.39320001	0.0103	0.0296	0.0005	0.0173	0.0005	0.001	0.0029	0.0024	0
5	0.481370002	0.420920014	0.039009999	0.01078	0.18423	0.159040004	0.044130000999999995	0.030060001	7e-05	0.00965	0.00223	0.029110000000000004	0.00314	0.00418	0
6	0.266299993	0.602699995	0.068300001	0.0144	0.200399995	0.0261	0.083300002	0.0075	0.0053	0.0103	0.0294	0.059599999	0.021199999	0.0188	0
7	0.460680008	0.515179992	0.006509999999999999	0.0029100000000000003	0.410479993	0.016829999	0.021640001000000002	0.00792	0.00271	0.0002	0.0012	0.045990000999999996	0.00942	0.0029100000000000003	0
8	0.415699989	0.538200021	0.037599999	0.002	0.377200007	0.0339	0.0009	0.0004	0.0001	0.0009	0.0006	0.12540000699999998	0.0077	0.001	0
9	0.18160000399999998	0.799399972	0.0114	0.002	0.17280000399999998	0.0028	0.0016	0.001	0.0003	0.0004	0.0004	0.0033	0.0012	0.0004	0
10	0.44747999299999996	0.489520013	0.045049999	0.00742	0.426809996	0.01064	0.01575	0.0013	0.006520000000000001	0.0021100000000000003	0.00672	0.126220003	0.0005	0.00512	0
11	0.275950015	0.688470006	0.02279	0.00132	0.23921999300000002	0.00031	0.043790000999999995	0.00921	0.0006900000000000001	5.9999999999999995e-05	0.0003	0.117339998	0.021919999	0.017449999	0
12	0.327529997	0.554270029	0.08575999699999999	0.018440001	0.262430012	0.00486	0.063189998	0.03088	0.0081	0.00132	0.01455	0.074089997	0.00299	0.00626	0
13	0.42144998899999997	0.440649986	0.12483	0.0076	0.405090004	0.00346	0.00541	0.00223	0.00646	0.00088	0.00678	0.056949999	0.013730000000000001	0.025350001	0
14	0.382290006	0.586510003	0.0206	0.00117	0.20634	0.126560003	0.01571	0.031010000000000003	2e-05	4e-05	0.0001	0.062279999	0.00244	0.013030000000000002	1
15	0.380299985	0.49430000799999996	0.026900001	0.066200003	0.19920000399999999	0.0005	0.0065	0.0063	0.0634	0.0014	0.0033	0.09260000300000001	0.0009	0.0045	1
16	0.45410001299999997	0.118100002	0.409399986	0.0156	0.218199998	0.0019	0.017200001	0.0063	0.0143	0.0006	0.0016	0.003	0.003	0.0004	1
17	0.275559992	0.39410999399999996	0.07418	0.250259995	0.257889986	0.00936	0.0006900000000000001	0.00139	0.24853000000000003	0.0069299999999999995	0.0041600000000000005	0.022180000000000002	0.0010400000000000001	0.00555	1
18	0.508580029	0.383819997	0.054189999	0.048730000999999995	0.44560998700000004	0.00117	0.00877	0.00877	0.03489	0.00078	0.00585	0.098439999	0.00195	0.0068200000000000005	0
19	0.7195699809999999	0.243579999	0.02201	0.01084	0.019169999	0.697899997	0.01317	0.00183	0.00717	0.00016999999999999999	0.0005	0.039349999	0.00016999999999999999	0.006	0
20	0.41934999799999995	0.45888000700000003	0.10292000300000001	0.01284	0.331939995	0.0005	0.00133	0.0015	0.01168	0.0	0.00067	0.00417	0.00117	0.002	0
21	0.428570002	0.5473999979999999	0.01235	0.00451	0.40854001	0.007679999999999999	0.041719999	0.00534	0.0040100000000000005	0.00016999999999999999	0.0	0.18908999899999998	0.00868	0.051569998	0
22	0.265700012	0.5957999829999999	0.077799998	0.0018	0.10249999900000001	0.0015	0.0109	0.0187	0.0007	0.002	0.002	0.05519999900000001	0.0022	0.0669	1
23	0.262400001	0.7089999909999999	0.0087	0.0152	0.260800004	0.0003	0.0012	0.0063	0.013999999999999999	0.0	0.0023	0.168599993	0.034600001	0.041099999	1
24	0.155359998	0.615100026	0.14701999699999999	0.076679997	0.112850003	0.0	0.038509998	0.01567	0.076679997	0.123690002	0.00016999999999999999	0.027000001000000003	0.00117	0.01267	1
25	0.33529999899999996	0.535899997	0.08692999900000001	0.0153	0.269879997	0.00605	0.053810000000000004	0.016650001	0.00656	0.01093	0.00454	0.07818999900000001	0.011770000000000001	0.029759999	0
26	0.540620029	0.427190006	0.004	0.018019999999999998	0.5404499770000001	0.0	0.00067	0.0033399999999999997	0.018019999999999998	0.0	0.0008300000000000001	0.09607999800000001	0.0045	0.06989	0
27	0.609499991	0.321799994	0.054000001	0.00502	0.089270003	0.43847999	0.01521	0.00869	0.00033	0.00033	0.00084	0.01939	0.00234	0.00903	0
28	0.0038399999999999997	0.8944600220000001	0.09402000199999999	0.0040100000000000005	0.002	0.00067	0.00084	0.01035	0.0033399999999999997	0.001	0.0033399999999999997	0.32315000899999996	0.04659	0.026389999	1
29	0.171289995	0.501349986	0.155389994	0.15234999400000002	0.126479998	0.00744	0.019280000000000002	0.01454	0.13578000699999998	0.00457	0.00085	0.00524	0.00118	0.00473	0
30	0.262899995	0.57099998	0.0164	0.0107	0.149100006	0.0038	0.100299999	0.036600001	0.0033	0.0018	0.0012	0.0023	0.0603	0.0017	0
31	0.508769989	0.28755000199999997	0.042769998	0.098080002	0.420219988	0.00033	0.01153	0.02957	0.091559999	0.0005	0.00267	0.013030000000000002	0.0018399999999999998	0.0005	0
32	0.46470001299999997	0.41890001299999996	0.088799998	0.0069	0.415800005	0.0013	0.006999999999999999	0.0094	0.0052	0.0005	0.05550000099999999	0.0064	0.026900001	0.0064	1
33	0.708890021	0.244320005	0.01237	0.029750001	0.637870014	0.01053	0.00251	0.00685	0.028739999999999998	0.001	0.0005	0.00217	0.00134	0.0016699999999999998	0
34	0.017689998999999998	0.149460003	0.243249997	0.5855299829999999	0.01378	0.0012	0.0025	0.00023999999999999998	0.581759989	0.0030399999999999997	0.00381	0.045779999	0.00056	0.00313	0
35	0.769450009	0.082730003	0.12030000199999999	0.024970001000000002	0.748669982	0.00074	0.0004	0.00022999999999999998	0.02434	0.00018999999999999998	0.0019100000000000002	0.0018399999999999998	0.00799	0.0010199999999999999	0
36	0.377189994	0.570609987	0.041749998999999996	0.00149	0.272949994	0.00014	0.03613	0.01678	0.00124	0.00506	0.016659998999999998	0.084509999	0.0010199999999999999	0.026160000000000003	0
37	0.36838001	0.13459000000000002	0.48436999299999994	0.011179999999999999	0.325399995	7e-05	0.019789999	0.00418	0.01072	0.00233	0.00027	8e-05	0.0032600000000000003	2e-05	0
38	0.292970002	0.38108000200000003	0.283960015	0.00317	0.219760001	0.01725	0.046179999000000006	0.01464	0.00124	0.00146	0.00118	0.059390001	0.00512	0.0055899999999999995	0
39	0.25801	0.582140028	0.145030007	0.01339	0.19904999399999998	0.0009	0.10544999699999999	0.022910001	0.00742	0.00016999999999999999	0.0044	0.11884000199999999	0.039820001	0.041680001	0
40	0.613600016	0.299899995	0.064800002	0.0067	0.595099986	0.0023	0.0025	0.0038	0.003	0.0012	0.0031	0.0045	0.0051	0.0069	0
41	0.321799994	0.652800024	0.021400001000000002	0.0029	0.303799987	0.0004	0.0128	0.0042	0.0016	0.0001	0.0014	0.1131	0.015	0.1285	0
42	0.29350000600000004	0.469199985	0.225700006	0.0066	0.14779999900000002	0.11770000300000001	0.038400002	0.0055	0.0061	0.0	0.0002	0.045000002000000004	0.0219	0.0174	1
43	0.159500003	0.569400012	0.13770000599999999	0.1259	0.09099999800000001	0.0287	0.0113	0.0156	0.08470000300000001	0.0008	0.0001	0.033500001	0.0022	0.0	1
44	0.208159998	0.19885000600000002	0.5901299720000001	0.00063	0.205589995	0.0006	0.0005099999999999999	0.00037999999999999997	0.00037999999999999997	0.0033799999999999998	0.0113	0.012329999999999999	0.0008300000000000001	0.00031	0
45	0.623149991	0.230759993	0.015830001	0.128539994	0.00101	0.6173700089999999	0.00066	0.0004	0.11451999800000001	0.130579993	0.0075	0.00313	0.007359999999999999	0.02238	1
46	0.568799973	0.26908999699999997	0.00678	0.0030399999999999997	0.441509992	0.00016999999999999999	0.00823	0.00834	0.00282	1e-05	0.0003	0.06684	0.01595	0.01139	0
47	0.451900005	0.42519998600000003	0.075499997	0.045400000999999995	0.423900008	0.0007	0.0252	0.018999999	0.0416	0.0011	0.0128	0.023600001000000002	0.0076	0.044399999	1
48	0.35249999200000004	0.42939999700000003	0.081299998	0.133399993	0.296999991	0.0043	0.0039	0.0034	0.109399997	0.001	0.0123	0.0134	0.0095	0.191499993	0
49	0.769169986	0.171859995	0.0524	0.00364	0.758140028	0.00185	0.00055	0.004370000000000001	0.0035	5.9999999999999995e-05	0.00025	0.00027	0.0052	0.0017100000000000001	0
50	0.462500006	0.071099997	0.45809999100000004	0.0013	0.38960000899999997	0.0006	0.0002	0.0042	0.0004	0.0002	0.0	0.0003	0.0034	0.0002	0
51	0.533599973	0.32249999	0.113499999	0.024700001	0.43990001100000004	0.076099999	0.0124	0.0066	0.0229	0.0006	0.028899999	0.0232	0.0005	0.0	0
52	0.413810015	0.318670005	0.244159997	0.007690000000000001	0.37450999	0.00426	0.00143	0.00147	0.00588	0.01042	0.025450001	0.00122	0.022159999	0.00031	0
53	0.16074000300000002	0.225600004	0.583169997	0.009859999999999999	0.055769999	0.088359997	0.01431	0.00249	0.00792	0.00036	0.00044	0.02671	0.00126	0.010920000000000001	1
54	0.352770001	0.175750002	0.44571998700000004	0.011559999999999999	0.297340006	0.0009	0.00141	0.009559999999999999	0.00998	0.00078	0.00022999999999999998	0.02949	0.00101	0.00557	0
55	0.238700002	0.714699984	0.034400001	0.003	0.12540000699999998	0.02	0.0035	0.0188	0.0011	0.0015	0.0019	0.0089	0.0995	0.0018	0
56	0.43070000399999997	0.36269998600000003	0.1285	0.072700001	0.292899996	0.0009	0.0093	0.0032	0.038199998	0.0008	0.0015	0.038800001	0.027799999	0.0198	0
57	0.347380012	0.20907999600000002	0.257209986	0.012329999999999999	0.30581000399999997	0.00541	0.00064	0.00067	0.01093	0.00062	0.00364	0.00317	0.017209999	0.00022	0
58	0.311320007	0.599030018	0.040739998	0.035360001	0.086199999	0.125799999	0.092479996	0.017379999	0.033270001	0.00168	0.00108	0.12131000300000001	0.00413	0.01018	1
59	0.268920004	0.38855999700000005	0.338759989	0.0019199999999999998	0.21989999699999999	0.026889999999999997	0.068230003	0.0096	0.00176	0.0002	0.00065	0.04665	0.00421	0.00572	0
60	0.323929995	0.659169972	0.01354	0.00187	0.241870001	0.025710000000000004	0.180570006	0.0124	5e-05	0.00026000000000000003	0.00557	0.058370002000000004	0.021419999999999998	0.009559999999999999	0
61	0.019640001	0.18524000000000002	0.728190005	0.028030001000000002	0.00772	0.00462	0.00079	0.00116	0.010329999999999999	0.00085	0.037749998	0.00772	0.00055	0.00079	0
62	0.109279998	0.11773999800000001	0.76275003	0.0021100000000000003	0.10447000000000001	0.00302	0.0015400000000000001	0.00106	0.0009699999999999999	0.00098	0.00122	0.00352	0.00386	0.00619	0
63	0.054699998	0.672999978	0.204500005	0.0045	0.0178	0.0197	0.049199997999999995	0.015900001	0.0002	0.0001	0.0006	0.1017	0.0086	0.022500001000000002	0
64	0.381500006	0.179900005	0.171200007	0.002	0.331800014	0.005	0.015799999	0.025699998999999998	0.0016	0.0	0.0018	0.0001	0.0051	0.0164	0
65	0.47369998700000004	0.459600002	0.043400000999999994	0.018999999	0.328999996	0.0006	0.034899998	0.0081	0.0166	0.0003	0.0002	0.0942	0.0013	0.0089	1
66	0.390080005	0.389189988	0.04862	0.00575	0.25898000600000004	0.042890001	0.00792	0.02572	0.00037999999999999997	0.0009400000000000001	0.00088	0.016729999	0.0061	0.00062	0
67	0.385030001	0.187879995	0.388419986	0.00511	0.37035998700000006	0.0004	0.00063	2.9999999999999997e-05	0.0009699999999999999	0.0005	0.01086	0.00022	0.055020001	8e-05	0
68	0.203710005	0.649879992	0.126350001	0.00509	0.08342999999999999	0.0065	0.012790000000000001	0.03059	0.0008900000000000001	0.00518	0.01341	0.00447	0.0048200000000000005	0.00271	0
69	0.16764000099999998	0.266629994	0.530319989	0.00414	0.072400004	0.00281	0.03438	0.012240000000000001	0.0016899999999999999	0.00122	0.01053	0.00548	0.0016699999999999998	0.019180000000000003	0
70	0.037239998999999996	0.01047	0.94976002	0.0023	0.036809998999999996	0.0001	0.00021	0.00013000000000000002	0.00212	0.00016999999999999999	5.9999999999999995e-05	0.00206	0.00067	0.00253	0
71	0.40917000200000003	0.33882999399999997	0.233400002	0.00535	0.117129996	0.00203	0.0265	0.01027	0.00411	0.00018	0.00151	0.042589999999999996	0.0027600000000000003	0.0028	0
72	0.5898900029999999	0.279119998	0.09618999800000001	0.033679999	0.5526599879999999	0.00049	0.0008	0.00275	0.018510001	0.00018	0.00075	0.035859998	0.01379	0.00636	1
73	0.6140099760000001	0.255490005	0.017859998999999998	0.08790999699999999	0.251370013	0.105769999	0.00412	0.01099	0.076920003	0.0	0.0	0.027469999999999998	0.00962	0.00687	0
74	0.427179992	0.536239982	0.022679999	0.00974	0.40395999	0.00022999999999999998	0.034400001	0.00197	0.00687	0.00011	0.0007	0.040520001	0.0036299999999999995	0.01295	0
75	0.617699981	0.150279999	0.203449994	0.00935	0.544990003	0.00119	0.017130001000000002	0.0037600000000000003	0.0037799999999999995	2.9999999999999997e-05	0.00123	0.00943	0.00545	0.0016	0
76	0.00091	0.183400005	0.7911300059999999	0.01881	0.00041	0.00027	0.00011999999999999999	0.0	0.01366	0.00079	0.01273	0.0003	5e-05	0.00018999999999999998	0
77	0.29253	0.37380999299999995	0.32475999	0.00033999999999999997	0.24079999300000002	0.00026000000000000003	0.01213	0.0031	0.0	5e-05	0.0002	0.05417999999999999	0.00554	0.021730000000000003	1
78	0.290380001	0.674279988	0.02299	0.004070000000000001	0.21470999699999999	0.00058	0.069229998	0.01522	0.00242	0.00026000000000000003	0.00036	0.088780001	0.00159	0.01011	0
79	0.263669997	0.11811000099999999	0.614960015	0.0006900000000000001	0.197349995	0.00022999999999999998	0.0017699999999999999	0.0037	0.00011999999999999999	0.00172	0.0010199999999999999	0.0077599999999999995	0.01152	7e-05	0
80	0.19021	0.549839973	0.181830004	0.074709997	0.16416999699999998	0.00075	0.01439	0.00507	0.07415000299999999	0.00256	0.01054	0.252640009	0.0016	0.00293	1
81	0.142120004	0.6148300170000001	0.16787	0.039129999	0.049430002	0.055610001	0.00515	0.00618	0.007209999999999999	0.00927	0.08754000099999999	0.032960001	0.00412	0.00412	0
82	0.319429994	0.632529974	0.039700001	0.00487	0.12139000000000001	0.151529998	0.00842	0.00717	0.00176	0.00434	0.0019	0.157000005	0.00216	0.01281	1
83	0.367460012	0.441049993	0.10620000199999999	0.01969	0.154469997	0.050250000999999996	0.01414	0.02052	0.007909999999999999	0.021360001	0.02706	0.056940001	0.00905	0.01026	0
84	0.372999996	0.476599991	0.0152	0.123899996	0.322699994	0.002	0.05519999900000001	0.0131	0.1228	0.0001	0.002	0.069799997	0.0047	0.0056	0
85	0.094250001	0.364080012	0.157969996	0.165020004	0.04309999900000001	0.033879999	0.041420002000000004	0.0031899999999999997	0.01157	0.00285	0.013919999999999998	0.014419999999999999	0.00134	0.009059999999999999	0
86	0.43129000100000003	0.390749991	0.161410004	0.0147	0.38334000100000004	0.0003	0.00114	0.03765	0.00105	0.00205	0.036180001	0.00028	0.040449999	0.00025	0
87	0.412090003	0.43536001399999996	0.091849998	0.0068	0.10757	0.026989999999999997	0.01204	0.02203	0.00021	0.02203	0.007370000000000001	0.0135	0.0018100000000000002	0.00843	0
88	0.538810015	0.191589996	0.084299996	0.00817	0.320259988	0.01089	0.00562	0.00314	0.00193	0.0059700000000000005	0.00586	0.010490000000000001	0.0036200000000000004	0.00405	0
89	0.25556001100000003	0.169410005	0.55400002	0.00246	0.253560007	0.00045999999999999996	0.01176	0.00413	0.0	0.00018	0.00053	0.0005	0.010409999999999999	0.006490000000000001	0
90	0.04507	0.155589998	0.72349	0.071149997	0.036759999	0.00257	0.0008699999999999999	0.00133	0.068790004	0.00787	0.00147	0.00314	0.0046700000000000005	0.01241	0
91	0.181170002	0.45802000200000004	0.291209996	0.00921	0.016880000000000003	0.0272	0.01729	0.11185000099999999	0.00056	0.05229999900000001	0.00307	0.00418	0.00112	0.00126	0
92	0.24086999899999997	0.43345999700000004	0.23345999399999998	0.057229999000000004	0.10046000000000001	0.093290001	0.00632	0.00591	0.039919998	0.0005099999999999999	0.02534	0.115929998	0.00164	0.00758	0
93	0.244139999	0.434130013	0.27985999	0.00698	0.080300003	0.00365	0.031580001	0.033920001	0.0012699999999999999	0.00021	0.00643	0.00698	0.00705	0.014240000000000001	1
94	0.281800002	0.367430001	0.31110000600000004	0.02562	0.246849999	0.013869999999999999	0.01525	0.0035700000000000003	0.011890000000000001	0.00088	0.02014	0.057510000000000006	0.00253	0.01202	1
95	0.076420002	0.21026000399999997	0.631439984	0.049520000999999994	0.032900002000000005	0.025800001	0.0025800000000000003	0.00107	0.018060001000000003	0.008740000000000001	0.058929998	0.01055	0.00137	0.0025800000000000003	1
96	0.247580007	0.6823700070000001	0.026760001000000002	0.042589999999999996	0.235369995	0.00018999999999999998	0.00063	0.0006	0.01545	0.00011999999999999999	0.0018899999999999998	0.044259999	0.008579999999999999	0.054299999	0
97	0.226180002	0.11167000199999999	0.633149981	0.00041	0.125489995	0.07583999599999999	0.0002	0.0002	5.9999999999999995e-05	2e-05	0.00014	0.026210001	0.0033299999999999996	0.006370000000000001	0
98	0.460700005	0.179499999	0.074699998	0.0049	0.44639998700000005	0.0002	0.001	0.0011	0.0013	0.0	0.0001	0.0018	0.0154	0.0068	1
99	0.485029995	0.42050001	0.052030001	0.030959999	0.3486	0.02678	0.031509999	0.00852	0.02837	0.00344	0.01017	0.03802	0.00542	0.00778	1
100	0.00759	0.193800002	0.765089989	0.032880001	0.0051600000000000005	0.00173	0.0002	0.00018	0.032329999	0.150749996	0.01884	0.00358	0.00014	0.0002	1
101	0.073140003	0.387360007	0.01111	0.52719003	0.06943000099999999	0.00015	0.00807	0.00147	0.509299994	0.00237	0.035119999	0.053130000999999996	0.0012699999999999999	0.00987	1
102	0.025590001	0.770889997	0.029820001000000002	0.173299998	0.00969	0.0146	0.0002	0.00015	0.17238	0.6814399959999999	0.01957	0.01266	0.00063	0.00316	1
103	0.420130014	0.063620001	0.385170013	0.00244	0.388220012	4e-05	0.0012	0.012790000000000001	7e-05	4e-05	0.0031100000000000004	0.00231	9e-05	5e-05	1
104	0.6388199929999999	0.301440001	0.050910000000000004	0.00657	0.59928	0.00063	0.031539999	0.00757	0.00533	0.0	0.0019	0.059470002	0.00433	0.02304	0
105	0.37979999200000003	0.577099979	0.012440000000000001	0.023569998999999998	0.357829988	0.00033	0.0243	0.0166	0.0164	0.0002	0.00047000000000000004	0.151260003	0.00343	0.0073	0
SRR413556	0.48862609999999995	0.39733440000000003	0.011762600000000002	0.1022726	0.4793317	0.00019219999999999998	1.25e-05	0.0	0.098019	0.0	0.0056699	0.0358982	0.0	0.047330000000000004	0
SRR413557	0.8511992191391726	0.11272837958574686	0.02299560315657268	0.0030046497149393853	0.605502936230366	0.0	0.010545682318959804	0.0011226174762222758	0.0	0.0	0.0007140019197429034	0.02478150821052194	0.0	0.0019281452794850384	0
SRR413558	0.7300540999999999	0.2477816	0.017808599999999997	0.0042121	0.35729500000000003	0.0	0.0019587000000000003	0.0029925999999999998	0.0027193	0.0	7.8e-06	0.0441328	0.0	0.0015775999999999997	0
SRR413559	0.7623425	0.2198493	0.0168788	0.0007082999999999999	0.5915143	0.00037969999999999996	0.0063973	0.0015027999999999999	6.59e-05	0.0	0.00038150000000000006	0.0369981	0.0	0.0034431	0
SRR413560	0.482682	0.4722186	0.013895200000000002	0.003304	0.4449407	5.92e-05	0.092825	0.0014665	0.0019037000000000001	0.0	0.0022374	0.0954399	0.0	0.0178118	0
SRR413561	0.3602868	0.5749614000000001	0.007417600000000001	0.057274900000000004	0.0731232	0.2581257	0.0164967	0.0014906	0.0276162	0.0114172	0.0002497	0.09695859999999999	0.0	0.0018969	0
SRR413562	0.6015267351035468	0.3566586111808082	0.018804496195824687	0.004010588449834793	0.5460949166836431	0.00010638489383326637	0.04137182405240401	0.0018605151652886637	0.00016669678871197288	0.0	0.0011450106451002993	0.0484343164307807	0.0	0.007979273863092813	0
SRR413563	0.9090974092135989	0.06618316587392253	0.01947707596314214	0.005242240613958255	0.07556035120162893	0.7966083443158323	0.010053739764338054	0.0004609670340861017	0.0017194991222125985	0.004780731902981335	0.0005527270993906676	0.02194993930510438	0.0	0.0005214181751013884	0
SRR413564	0.4922156372446013	0.35287442000115204	0.02827987981261815	0.046923735683293284	0.19953967373753975	0.06293069035091046	0.00023702708230098103	0.01594533966823835	0.03760883225928555	0.0	0.0036955954106258375	0.06657912118546457	0.0	0.028029506158790483	0
SRR413565	0.6081985	0.2462766	0.0486059	0.09682930000000001	0.5747616999999999	8.409999999999998e-05	0.022077100000000002	0.00018690000000000002	0.08274389999999998	0.0	0.0017111	0.0689592	0.0	0.0056687	0
SRR413566	0.860474	0.0758329	0.0600695	0.0021015	0.5038263	0.2792668	0.0015939	0.0015409999999999998	0.0009035	0.0	0.00046919999999999997	0.0060393999999999995	0.0	0.010067	0
SRR413567	0.5107442948277183	0.2308700739605854	0.04028879363697911	0.21493416839208845	0.17552534495055236	0.0032093150216064748	0.0	0.0	0.1337245757311964	0.005669247871923331	0.0012881975051894764	1.1585241053297596e-05	0.0	0.011822027120439556	0
SRR413568	0.8186972009674252	0.07078299543939415	0.10626936055034	0.0009578676639293873	0.17242739386344372	0.5997815524245388	0.009620301096370016	0.00042816613856478677	4.627184791474099e-05	6.708407645281229e-05	0.00036916448096171084	0.020807379086761436	0.0	0.0010040384816085064	0
SRR413569	0.607273	0.3057141	0.0433562	0.0436431	0.44803550000000003	0.0	0.0083487	0.0014065	0.032866	0.00015230000000000002	0.0234796	0.0622732	0.0	0.0022088000000000003	0
SRR413570	0.5413954000000001	0.27772579999999997	0.0970531	0.0042194	0.4509212	0.0	0.0091054	0.0134067	0.0021961999999999997	0.0	0.0	0.0	0.0012389999999999999	0.0010023999999999999	0
SRR413571	0.059763980119583615	0.4029218982498122	0.47923544006163377	0.041404586975219954	0.05975166697899999	1.231314058363085e-05	0.0	0.0	0.04107603634598843	0.009933400925467658	0.005068609219759327	0.0	0.0	0.061768819684367156	0
SRR413572	0.7255503428183385	0.21053271191620843	0.05600331890030895	0.00791362636514413	0.30192006686169337	0.3614756651429512	0.004076777683962615	0.01813826984485431	0.004502825488985083	0.0	0.0002787247466159279	0.022651776759414696	0.0	0.000905502737921449	0
SRR413573	0.09253488802332034	0.8149013235198528	0.009399440991614872	0.08311374670620059	0.09077316159742396	7.820117301759527e-05	0.0	0.0	0.08200833012495187	0.2781574723620854	0.006147892218383275	0.09846297694465415	0.0	0.00015940239103586553	0
SRR413574	0.4158003	0.46260280000000004	0.10590619999999999	0.0067943	0.3497128	0.0	0.047873900000000004	0.0014693	0.00011470000000000001	0.0	0.0742024	0.0955817	0.0	0.011475799999999998	0
SRR413575	0.6104696999999999	0.37125929999999996	0.015647599999999998	0.0026234	0.5239714	8.52e-05	0.011747299999999999	0.0012545	0.001241	1.21e-05	0.0001788	0.1121407	0.0	0.0025016	0
SRR413576	0.679195185929956	0.29246007470420177	0.023644286353058905	0.004700553381185643	0.12474869006689054	0.4604862146508761	0.015974333792184214	0.00029688973376779473	0.003983220410516802	0.0018626368084052516	0.0012802993387227817	0.017382703212140162	0.0	0.006407418429344911	0
SRR413577	0.792691474980921	0.15850885296173964	0.015941101530115732	0.008272671641610434	0.7749462487857909	0.0	0.03885238469978275	0.003918170745598521	0.007540521050004555	0.0	0.008662498578651784	0.0	0.0	0.003959573606536211	0
SRR413578	0.6081215	0.147262	0.197549	0.026617900000000003	0.47049659999999993	0.00022519999999999997	0.0076978	0.008153	0.0165202	0.0	0.001325	0.004643199999999999	0.00018609999999999997	0.005896200000000001	0
SRR413579	0.595006192579716	0.3971716173580682	0.007520891336861337	0.0003011980575543986	0.43933723139188435	0.0	0.008163353236364069	0.0013192515188002654	3.6240407994513206e-06	0.0	0.0015211911255696917	0.020977860835423953	0.0	0.007104730651724345	0
SRR413580	0.5417923	0.29609709999999995	0.13172889999999998	0.0302987	0.4384108	0.0001425	0.0030713000000000003	0.0023058	0.026600599999999995	0.0	0.0008273	0.0179603	0.0	0.008119300000000001	0
SRR413581	0.6669419000000001	0.30941379999999996	0.0231313	0.000513	0.3853313	0.2351943	0.0008674999999999999	0.0038516	0.0	0.0	0.000804	0.052582699999999996	0.0	0.0040675	0
SRR413582	0.6239827	0.23289720000000003	0.13795520000000003	0.0042952	0.1611891	0.33764759999999994	0.009685000000000001	0.0007997	0.0036615999999999997	0.0001811	0.08298760000000001	0.0068011	0.0	0.0065271	0
SRR413583	0.1909372	0.6579576999999999	0.040924300000000004	0.1096181	0.0765822	0.00010229999999999999	0.0137505	0.0022919999999999998	0.107475	0.0003331	0.1723997	0.1626923	0.0	0.0070005	0
SRR413584	0.6777007320730897	0.21766153830153123	0.08193180331750995	0.008867200797476046	0.47275256841609237	0.0	0.041281165908699076	0.005418744927270713	0.0	0.0	0.0017564793928685578	0.03182333841489635	0.0	0.016105527969864235	0
SRR413585	0.5689593281586769	0.11022148058529552	0.31610654686627665	0.0024582679532366837	0.43458182803917356	0.0	0.014526027325522802	0.004965352143179951	0.0015397919819381952	0.0	0.0005088661348166432	0.016212673973811154	0.0	0.010350158561429144	0
SRR413586	0.5570057127816664	0.29158457238940194	0.11258508020555054	0.0215758861131784	0.28021481083098443	0.011265658247932285	0.04534984212497958	0.005244166764503111	0.012936311374701717	0.0	0.002795988912447416	0.03912694423682673	0.0003190101445225958	0.011816675770289494	0
SRR413587	0.6973008	0.2572126	0.0169609	0.0026632	0.6184328000000001	0.0	0.0683445	0.0037781	0.00032080000000000005	0.0	0.0034343	0.1068249	0.0	0.0006716	0
SRR413588	0.5189349360687874	0.32877889386300213	0.10733300135491654	0.04493814857579557	0.14536088533897396	0.2605789582092712	0.0024061258929847246	0.003099655708408263	0.04104713188972455	0.0009619897396439406	0.00091582785039903	0.05352486078084888	0.0	0.009929512497405271	0
SRR413589	0.481827740095484	0.3572718492713584	0.15372125610401655	0.006300862220619387	0.4390605452633072	0.0010166068453794494	0.0887631290048584	0.0034159590172927173	0.00017971888845517663	0.0	0.0003186334883796287	0.04054486126491894	0.0	0.0032146378584389217	0
SRR413590	0.8374386074193382	0.15924474798761956	0.0018393020133905987	0.001406030870268898	0.11183096264406615	0.6860235450660999	0.012673881051268618	0.0008478392151991356	0.0	0.0	0.0003864634572996886	0.021557339715181232	0.0	0.0032840392392430836	0
SRR413591	0.8053017895917574	0.18123526875079007	0.01133366109446081	0.0020579745162389775	0.6822472545671874	1.2301043128457294e-05	0.01806953229633873	0.0006753572702965211	0.0004077345758920357	0.0	0.0007596644195427773	0.01699264097595476	0.0	0.005208441675854113	0
SRR413592	0.57919	0.38583729999999994	0.0158999	0.019030599999999998	0.5383007	0.0	0.2106052	0.033073099999999994	0.018441700000000002	0.0	5.26e-05	0.0	0.00015580000000000002	0.029094500000000002	0
SRR413593	0.9079414	0.0569028	0.0092873	0.025868500000000003	0.3850394	0.4830468	0.0007902999999999999	8.620000000000001e-05	0.0253879	0.0	0.0016211	0.025373700000000003	0.0	0.0003859	0
SRR413594	0.7288858	0.204028	0.0288249	0.0380186	0.6344160999999999	0.0001158	0.0	0.0011703	0.0372406	0.0009320000000000001	0.0257964	0.0571925	0.0	0.0012837	0
SRR413595	0.8332533999999999	0.1261498	0.012270399999999999	0.017534900000000003	0.001532	0.8317213000000001	0.001356	0.0	0.0143394	0.0	0.0007614999999999999	0.0188448	0.0	0.030601700000000003	0
SRR413596	0.5969175	0.3885313	0.0041702	0.0041255	0.5112196	0.0	0.0270652	0.00018460000000000001	0.0031824999999999996	0.0	0.00015280000000000003	0.039599800000000004	0.0	0.003602	0
SRR413597	0.7355341	0.24623509999999998	0.0120112	0.0058914	0.7024316	2.17e-05	0.0	0.0333019	0.004913399999999999	0.0	0.0037066	0.04215409999999999	0.0	0.0025249	0
SRR413598	0.5174445328512218	0.4155830241415558	0.028229315756693327	0.010124280658174317	0.24560492619688426	0.15279004982111458	0.025136609932855224	0.006504219297007503	0.0011778478884098779	0.0	0.0005168929322386362	0.043676044346556475	0.0	0.01240150689681849	0
SRR413599	0.6779108	0.2446162	0.0253598	0.0465953	0.6160313000000001	0.0	0.0369731	0.012009700000000002	0.038177300000000004	0.0	0.0014063	0.0074158	8.13e-05	0.0075301000000000005	0
SRR413600	0.8344697093138977	0.14561318628647865	0.01427785718833806	0.0017786405703121041	0.7248619116926714	0.0	0.0005014647362797854	0.0008139150698626312	0.0003742184354721374	0.0	0.003556880049053499	0.008796539783019487	0.0	0.001323100818878578	0
SRR413601	0.6860874	0.1126115	0.1976642	0.0025036999999999998	0.6223528	0.00010109999999999999	0.0002084	0.0014787999999999997	0.0020995	0.0	0.0007275	0.0706439	0.0	0.00044380000000000005	0
SRR413602	0.4374024	0.5121633	0.0211239	0.028975	0.3420585	1.87e-05	0.0591489	0.00032010000000000003	0.0276507	2.36e-05	0.0131166	0.0181474	0.0	0.010329999999999999	0
SRR413603	0.7822856206644306	0.11018990608432684	0.08867208060192024	0.0011903971957308637	0.6194381032991336	6.305281934676679e-05	0.0	0.0030558598938330646	0.00033708237390461994	0.0	0.00035119419537746766	0.0009224727554272215	4.003353609318526e-05	0.011274244434562833	0
SRR413604	0.7559575	0.23401020000000003	0.0067994	0.0032329000000000004	0.25921099999999997	0.4310172	0.0316165	0.0006333999999999999	0.002081	0.0	0.000419	0.0809651	0.0	0.0096572	0
SRR413605	0.8196024	0.11366799999999999	0.0469301	0.0195663	0.8194108	0.00010779999999999999	0.0	0.0	0.0048648	0.0	0.0019445	0.0001137	0.0	0.0067572	0
SRR413606	0.5124484	0.46358509999999997	0.013358700000000001	0.0094835	0.47521359999999996	3.3e-06	0.0467631	0.0025515	0.00557	0.0	0.0023426999999999996	0.1116878	0.0	0.001283	0
SRR413607	0.7623923	0.1851422	0.037876400000000005	0.011607600000000001	0.6612345000000001	0.0001508	0.0070224	0.0	0.0073354	0.0	0.0024599	0.04251819999999999	0.0	0.0033934000000000004	0
SRR413608	0.6869643000000001	0.2868447	0.0188025	0.0045782	0.4091086	0.00015110000000000001	0.0	0.0	0.0030275000000000002	0.0	0.0027340999999999997	0.060927499999999996	0.0	7.379999999999999e-05	0
SRR413609	0.7779889550760895	0.15804132760244116	0.05312487807666685	0.01084483924480244	0.13852138892557453	0.6092355868625118	0.0	0.0	0.010008301740194129	0.0	0.0002287725087424898	0.017751202750861627	0.0	0.008343676604761431	0
SRR413610	0.230593	0.7001196000000001	0.041839900000000006	0.0119502	0.1842367	0.0	0.0765584	0.0017710999999999998	0.007385699999999999	0.007148600000000001	0.0586608	0.0	0.0	0.011579299999999999	0
SRR413611	0.8113831	0.1480916	0.0315258	0.0033987	0.12189299999999999	0.6830025999999999	0.0008087000000000001	0.000121	0.0027960999999999997	2.44e-05	0.00023349999999999998	0.06375600000000001	0.0	0.0027955000000000002	0
SRR413612	0.5129300999999999	0.399144	0.07070599999999999	0.0133929	0.2771577	0.1609195	0.0488881	0.0050676	0.0040206	8.829999999999999e-05	0.0021398000000000003	0.0416168	0.0	0.014638	0
SRR413613	0.6547318	0.31781640000000005	0.012881400000000001	0.0126122	0.3513010999999999	0.0001062	0.0388666	0.0097354	0.0077936	0.0	0.0013028	0.022621900000000004	0.0	0.013452800000000001	0
SRR413614	0.5140045	0.4675647	0.015098100000000001	0.0008972000000000001	0.4440627	0.0001105	0.0088449	0.006561100000000001	0.0007354	0.0	0.0004888	0.1234434	0.0	0.0052791999999999995	0
SRR413615	0.4967479	0.40591679999999997	0.0408143	0.0524892	0.43734970000000006	0.0001128	0.13804550000000002	0.023258900000000002	0.0415891	0.0	0.008036300000000001	0.036984800000000005	0.0	0.012229299999999999	0
SRR413616	0.5844120023471198	0.3771743412073719	0.015849188287719407	0.005180226441492807	0.5075465514827227	3.1327620991358473e-06	0.021461735898892963	0.0003533210819634082	0.0018190451232156194	0.0	0.0033448364725425657	0.023218261987173652	0.0	0.016645454689091066	0
SRR413617	0.30195679999999997	0.6751824000000001	0.0092443	0.0134882	0.2604066	4.7600000000000005e-05	0.1637622	0.011291	0.007720199999999999	0.0	0.0010738	0.0339085	0.0	0.0047379	0
SRR413618	0.7111865	0.198674	0.0654289	0.021431400000000003	0.6768396	0.0001467	0.0	0.011787700000000002	0.0151529	0.0015532000000000002	0.0040493000000000005	0.0079575	0.00034520000000000004	0.007886800000000001	0
SRR413619	0.6682504612081173	0.3033790394710947	0.023859419925790694	0.004440878159455607	0.596468097838522	0.0001902033475789174	0.11852188598519335	0.004434278043293562	0.003011152996292735	0.0	0.0012377217839033968	0.05682180006368112	0.0	0.004178573542894355	0
SRR413620	0.5716145	0.3683992	0.0185293	0.032730999999999996	0.48868870000000003	0.0002248	0.038953	2.1100000000000005e-05	0.016898200000000002	0.0	0.0068658	0.1135882	0.0	0.0176786	0
SRR413621	0.6784609	0.2925933	0.027050499999999998	0.0018122	0.5229608	0.0	0.0077564	0.005633399999999999	0.0005457999999999999	0.0	0.0004607	0.0320267	0.0	0.0154382	0
SRR413622	0.6484936	0.2985069	0.031925	0.020944700000000004	0.5944534	9.570000000000001e-05	0.0062611	0.0044955	0.017012	0.0	0.00019209999999999998	0.0499783	0.0	0.010247	0
SRR413623	0.4699807	0.43655640000000007	0.01365	0.0495827	0.2843115	0.00012109999999999999	0.0276214	0.0025131	0.0341438	0.0	0.0059507	0.08606689999999999	0.0	0.0330873	0
SRR413624	0.5014569999999999	0.38753440000000006	0.1032831	0.0058018	0.41101209999999994	0.0	0.0397446	0.0063973	0.0021253	0.0	0.0005909999999999999	0.1599004	0.0	0.0055589	0
SRR413625	0.5340753905058959	0.4393455015151461	0.004994071829037333	0.021474539304762782	0.26225558660989284	0.0	0.023551250902416273	0.005181175761517572	0.0195632178426531	0.0	0.0055100281721295295	0.13023732469787128	0.0	0.045896980209497555	0
SRR413626	0.43861768011063806	0.2790716210319947	0.277701445809375	0.0046091530425020335	0.3397037497358605	0.00012600691777978613	0.0532990261165338	0.02137457346408318	0.0030796690738321537	0.0	0.002102615433587304	0.06399141312858077	0.0	0.003178274487269351	0
SRR413627	0.5312474	0.4316247	0.0222093	0.0149185	0.5065805	4e-06	0.025520400000000002	0.0001567	0.0107321	4.4000000000000006e-05	0.0019882	0.1125953	0.0	0.003998	0
SRR413628	0.5764778366516935	0.3905712437067999	0.022682229707505743	0.00276156544327897	0.29230589013919267	0.250825788695728	0.06763154398777811	0.0015026253178111065	0.0005188814009377679	0.0	0.0015693486442860422	0.09615591610827146	0.0	0.0015989589960650244	0
SRR413629	0.6368400025073762	0.2856102889137468	0.013328667623055467	0.0074361291429610385	0.5259308403892488	0.0	0.011813300280689104	0.0016608810563947963	0.005127543332767164	9.182805003340272e-05	0.00010072453149543616	0.1486898601687857	0.0	0.005446589564509053	0
SRR413630	0.34516529999999995	0.6364605999999999	0.0074621999999999996	0.010911799999999998	0.11579360000000001	0.2146115	0.1832205	4.4999999999999996e-05	0.008581	0.0	0.0001457	0.1282217	0.0	0.0064791	0
SRR413631	0.7098509400653386	0.22564903359332136	0.01990724242626378	0.03198229301065091	0.0486329245117287	0.6320980146241512	0.002808707986313721	0.001493243496343161	0.02905580017279118	0.0	0.00021754140948805056	0.06623344677136297	0.0	0.0010251088057597593	0
SRR413632	0.6783886417559118	0.27957271992567523	0.03872181536497618	0.0032878482648523314	0.09279304989649079	0.5161159502648951	0.0034776895936419355	0.003409666579223341	0.0	0.0	0.0002636800513111618	0.04369144179088915	0.0	0.01151676367475486	0
SRR413633	0.21881388322927	0.730953603192895	0.04672213309843457	0.0031783539504806435	0.2145377415655511	0.0	0.018162851211811826	6.5005193914993805e-06	0.0023161850631865486	0.0	0.004746479243691572	0.36199642351423883	0.0	0.012490597998780105	0
SRR413634	0.45046090567634767	0.17017741291666064	0.37247264343161823	0.0009007308443905809	0.27310620087560256	0.10136748776448824	0.0016275274567609118	0.003301243669835957	0.0002121075859371368	0.0	0.00014457782074033464	0.06448781979451715	0.0	0.0021573455552189084	0
SRR413635	0.061577081866158394	0.5982535510640974	0.06529068691428173	0.2737988794589099	3.2347952604941564e-05	0.06007966209108383	0.0	0.0	0.27348010691048413	0.00765464724908204	0.0027633964589106894	3.825671174949746e-05	0.0	0.03288174389715314	0
SRR413636	0.6995003	0.2790958	0.0193795	0.0020243	0.0022927	0.6945946	0.0094703	0.00014209999999999998	0.0002671	0.0143799	0.005169	0.0509352	0.0	0.004819899999999999	0
SRR413637	0.2867544	0.3924101	0.3053163	0.0128291	0.2847476	0.0004378	0.0031887	0.0	0.010155299999999999	0.0015786	0.0123773	0.0389211	0.0	0.005295800000000001	0
SRR413638	0.7421443000000001	0.2156553	0.026848799999999996	0.015224999999999999	0.012221	0.7245501	9.520000000000001e-05	0.0001098	0.012954799999999999	0.00018759999999999998	0.0064053	0.0469913	0.0	0.0013855	0
SRR413639	0.086473	0.6869675	0.1590886	0.0667149	0.060128	0.0002629	0.0045598999999999995	0.0006727999999999999	0.0543694	0.0	0.008693600000000001	0.0181083	0.0	0.060182599999999996	0
SRR413640	0.579320569611972	0.3896228665343793	0.021691668829847834	0.008840116798748554	0.06574165731460535	0.4604244126349031	0.02951250870160302	0.001811557693971678	0.0066628987710423875	0.0	0.004219782414555347	0.169945728466672	0.0	0.009174494976155878	0
SRR413641	0.5758382	0.3726303	0.040493699999999994	0.0110379	0.5464986999999999	8.8e-06	0.0	0.0	0.0098756	0.0	0.0002512	0.13214510000000002	0.0	0.018008200000000002	0
SRR413642	0.15906779999999998	0.788385	0.0127511	0.039475699999999996	0.1547996	0.0	0.023449299999999996	0.0	0.0278613	0.0027408000000000003	0.0051478999999999995	0.35660359999999997	0.0	0.0020745	0
SRR413643	0.253106	0.5971592	0.0124732	0.137185	0.2505546	0.00029410000000000005	0.036772900000000004	0.0	0.1189832	0.0	0.0015878	7.03e-05	0.0	0.0373743	0
SRR413644	0.40860533010739397	0.5617633088768555	0.01701005670252471	0.012389869522630709	0.0711573891713143	0.30456037650196127	0.022428954174009537	0.00033674162437793135	0.0014985202487923998	0.0	0.0004002060089961266	0.17712349178241324	0.0	0.062225928204163124	0
SRR413645	0.6239066	0.2714051	0.04983869999999999	0.0541993	0.304243	0.248758	0.0613926	0.005438800000000001	0.0515471	0.0	0.0010624000000000002	0.0043732	0.0	0.0007376	0
SRR413646	0.313841	0.3686068	0.1293788	0.1856691	0.2075158	9.07e-05	0.0043023	0.160964	0.1494029	0.0075573	0.0008922000000000001	0.0	0.0	0.0303629	0
SRR413647	0.621672	0.33627490000000004	0.0372769	0.0027096	0.0232945	0.49736820000000004	0.0044145	0.0044288	0.0011667000000000001	0.0	0.0012845999999999999	0.0426012	0.0	0.0109686	0
SRR413648	0.12141860000000002	0.8200471	0.0306997	0.026338300000000002	0.10626139999999999	0.014068200000000001	0.0	0.0	0.0034693000000000002	0.0	0.0038605	0.2302645	0.0	0.058319499999999996	0
SRR413649	0.418644	0.4758699	0.1028422	0.002522	0.4166506	0.0	0.0	5.4000000000000005e-05	0.0013628	0.0	0.009452	0.0	0.0	0.0357397	0
SRR413650	0.6852216999999999	0.303174	0.0100719	0.0011497	0.0648637	0.48714040000000003	0.0191688	0.0030454	0.0002096	0.0	0.0009842999999999998	0.09224199999999999	0.0	0.00041260000000000005	0
SRR413651	0.4882032	0.3815057	0.13006489999999998	0.0001516	0.4527305	0.020227	0.029970300000000002	0.0	0.0	0.0	0.0004317	0.012483	0.0	0.005821499999999999	0
SRR413652	0.8316032	0.1534654	0.0057138	0.0060168999999999995	0.05217069999999999	0.7286050999999999	0.0049352	0.0011037999999999998	0.0042052	0.0	7.88e-05	0.042681	0.0	0.0080397	0
SRR413653	0.4129512	0.5612625	0.0149752	0.006564800000000001	0.3471856	0.00017409999999999998	0.039351199999999996	0.0006454	0.0015698	0.0	0.002183	0.16419829999999996	0.0	0.0670572	0
SRR413654	0.2032049	0.7390873	0.0563725	0.0012975	0.17803420000000003	0.0	0.12296660000000001	0.0007214	0.00044709999999999997	0.0	0.0042203	0.17250810000000003	0.0	0.0170449	0
SRR413655	0.5136912730058235	0.42399233365143063	0.058150982608557326	0.004165310693101657	0.022369086984024338	0.4721027926169278	0.006135719940179431	0.00033753862711415576	0.0004267752766061021	0.0	0.0024620111479784746	0.136816290450488	0.0	0.00340970036393947	0
SRR413656	0.3185242809888354	0.437101716299016	0.04569673707105668	0.01868225942566529	0.14643737181777677	0.00911406921484387	0.05809326088565656	0.0019256585888455513	0.014628263047499304	0.0	0.004330386478101471	0.06705805264257182	0.0	0.002332151003633174	0
SRR413657	0.6657992	0.07253939999999999	0.26032150000000004	0.0013398	0.0078546	0.6565717	0.0019772	7.5e-06	0.0004179	0.0	5.21e-05	0.0251316	0.0	0.0001025	0
SRR413658	0.5641390999999999	0.3743417	0.0479136	0.0099547	0.5426690999999999	2.24e-05	0.0	0.0	0.0063113	0.0	9.73e-05	0.024552900000000003	0.0	0.0066611000000000005	0
SRR413659	0.5337366954891067	0.38696155932387805	0.05686488361153068	0.022302456414326308	0.4407885262794091	0.0	0.034799536302194	0.016983252156882823	0.01692194980287243	0.0	0.004831985548245052	0.05862015101379893	0.0	0.004359467403548297	0
SRR413660	0.43099022047067864	0.40947827609632065	0.1562498593688263	0.0032602431246731727	0.013903110346544213	0.41072563085519453	0.042564868597731446	0.0007377323864517653	0.00011960525067050443	0.0012010527262146808	0.001266755610571304	0.13326255022595493	0.0	0.017287858937007333	0
SRR413661	0.1674531662947932	0.700197682473764	0.06692462294370774	0.06512100913567646	0.16071824132102738	0.00019411224848287927	0.0	0.0	0.05888251548672721	0.0	0.0022889444323936844	0.23868736117248998	0.0	0.005385839846494314	0
SRR413662	0.6333775597736879	0.1029099037578753	0.2535836280333396	0.0077099549184334575	0.16203078013235586	0.467600591874733	0.0	0.0	0.005905810178157822	0.0	0.00045559359111099995	0.083244402660055	0.0	0.0010949535548869724	0
SRR413663	0.4549256555825899	0.4807050954712485	0.038929540516455904	0.02463568732290009	0.08020105534028216	0.3315045107286254	0.0032660478808086276	0.0005378831115516707	0.022228229851911932	0.0	0.0005208614940975039	0.15198912619026164	0.0	0.0068880478207323315	0
SRR413664	0.7705380998883732	0.21497354845773226	0.010448013927616186	0.004040337726278227	0.05141642999953764	0.706384478185759	0.006995232497557603	0.00011228720224126057	0.0006310901045752131	0.0	3.2024870514441514e-06	0.05988170413142846	0.0	0.0044851831932678915	0
SRR413665	0.36385999999999996	0.5508414	0.0642928	0.020364900000000002	0.3453322	0.0001118	0.1625556	0.0	0.0141076	0.0	0.0010989	0.1095147	0.0	0.004303899999999999	0
SRR413666	0.4204162	0.4610367	0.1119851	0.0060834	0.3250938	2.18e-05	0.0187933	0.000724	0.0019453	9.290000000000001e-05	0.00019339999999999998	0.17438660000000003	0.0	0.0033132	0
SRR413667	0.12111050000000001	0.6470946999999999	0.21905520000000003	0.012243200000000001	0.11127039999999999	4.1e-05	0.016443299999999998	7.65e-05	0.0093674	0.0017929	0.0118805	0.2996991	0.0	0.0016350999999999998	0
SRR413668	0.8284803000000001	0.15507320000000002	0.0142337	0.0022128	0.026371099999999998	0.7948054999999999	0.0052896	0.0007895	0.0	0.0	0.0	0.025590799999999997	0.0	9.400000000000001e-05	0
SRR413669	0.0704967269565958	0.15311195072653422	0.7538600458273955	0.020500185454971828	0.02317092041592849	0.0006098977843097047	0.005410028667335139	0.0076433323462096435	0.018227559821070844	8.52654827905834e-05	0.00042836482094910766	0.001791288231050918	0.0	0.003829102708640918	0
SRR413670	0.5195975207676116	0.0051068962951525045	0.4746852355742806	0.00025041943254796575	0.5195550174693556	0.0	0.0	0.0	0.0	0.0	0.00427343161829358	3.200248339271128e-06	0.0	0.0	0
SRR413671	0.4997728711695084	0.48307874914533466	0.014731451519468418	0.002416928165688391	0.04938853695988825	0.4260436095513639	0.0115295163451167	0.001467005432326011	0.0015143281882074955	0.0	0.0017855161362438459	0.056231876608361764	0.0	0.00541488594399923	0
SRR413672	0.6732077	0.26487679999999997	0.058984800000000004	0.0008979	0.045157699999999995	0.5879436	0.0087397	0.0018687999999999999	0.0	0.0	0.0	0.0686267	0.0	0.0025759	0
SRR413673	0.6261937	0.33443350000000005	0.0293865	0.0099862	0.22406270000000003	0.2541266	0.0062250000000000005	0.0076485	0.0	0.0	0.0030368	0.0964902	5.3400000000000004e-05	0.0120791	1
SRR413674	0.35834130000000003	0.5991230000000001	0.0133867	0.006515	0.2940543	2.48e-05	0.0	0.0125105	0.0026609	0.0	0.0	0.0010874	0.0	0.018136	1
SRR413675	0.526597	0.4175894	0.0244972	0.030642099999999995	0.4691296	4.3899999999999996e-05	0.0	2.9199999999999998e-05	0.0237608	0.0	0.005269199999999999	0.1118107	0.0	0.0089875	1
SRR413676	0.3717827486624716	0.37124992887358477	0.04116203773610702	0.023108896904196385	0.13854169033358338	0.0063150203506999745	0.036135234890085306	0.0027722714147813054	0.00017834383122360156	0.00038825472163785184	0.005526245999076311	0.05624144095381578	2.7847373872005423e-05	0.012730472205003318	1
SRR413677	0.6047796	0.3296826	0.05226480000000001	0.0049823	0.4431943	0.0001121	0.0157065	0.0018003	0.0017445	0.0	0.0266807	0.0230102	0.0	0.0035864	1
SRR413678	0.1119873	0.674383	0.2079561	0.0053658	0.024719099999999997	0.038139599999999996	0.025505299999999998	0.0019268	0.0	0.0	0.0016963	0.1104358	0.0	0.0065837000000000005	1
SRR413679	0.45719529999999997	0.3599617	0.036380199999999994	0.026099200000000003	0.188507	0.0817966	0.0079907	0.019316	0.015121899999999999	0.0	0.0014391999999999999	0.037554500000000005	8.23e-05	0.0039885	1
SRR413680	0.6315261	0.3374176	0.0243976	0.0066587	0.5448175	8.1e-06	0.009447299999999999	0.0010712	0.0017027000000000001	0.0	0.006432	0.0638532	0.0	0.007101	1
SRR413681	0.4007720772383576	0.3884050775039566	0.08188564862369835	0.0590391358044783	0.2721406864154464	0.0	0.018147527318031983	0.012793957830282775	0.052876005263476446	0.044919842180800695	0.00016189093720280328	0.0074643209712264924	4.5737912613144166e-05	0.001667519200084328	1
SRR413682	0.1580686	0.7953479	0.040591999999999996	0.005991499999999999	0.0797178	0.0421707	0.0353316	0.00015030000000000002	9.599999999999999e-05	0.0	0.0245715	0.1681236	0.0	0.021161500000000003	1
SRR413683	0.5510294	0.3867095	0.012401500000000001	0.0044711	0.44925550000000003	0.0003935	0.013280299999999998	0.013803900000000001	0.0004699	0.0	0.0	0.0045982	6.91e-05	0.006043	1
SRR413684	0.43316528546522304	0.2191799571582386	0.34095257202890816	0.0050518810074864275	0.12382635595219339	0.0	0.0560293990925067	0.026943437907734406	0.0	0.0	0.00014013660272317626	0.006226286667264351	0.0	0.010222791085919405	1
SRR413685	0.3715121	0.2166482	0.3822926	6.47e-05	0.30960659999999995	3.45e-05	0.0	0.0	0.0	0.0024891999999999996	0.0008353	0.0	0.0005642	0.0024989	1
SRR413686	0.32660365250073403	0.5726235011126767	0.00025869921114747503	0.003579372689426395	0.14544527826421433	8.833387604146189e-05	0.04830152363431375	0.005595345815120097	8.673326220605602e-05	0.0	0.00034383185951812514	0.07646772537268041	0.0	0.01267005896761408	1
SRR413687	0.7630960999999999	0.19791979999999998	0.0315	0.007483999999999999	0.5206969	0.0	0.008435600000000001	0.0071851	0.0013976	0.0	0.0002454	4.4e-06	0.0	0.000523	1
SRR413688	0.45364059999999995	0.4376468	0.006018	0.1025776	0.025146099999999998	0.4162908	0.0	0.0	0.1014412	0.028048599999999996	0.008541	0.001354	0.0	1.6e-05	1
SRR413689	0.0530429	0.5381888	0.0079252	0.40084309999999995	0.04833080000000001	1.55e-05	0.00027360000000000004	0.0	0.39861440000000004	0.037135800000000004	0.007704	0.1354513	7.92e-05	0.0038090999999999997	1
SRR413690	0.3747295	0.5178737999999999	0.0685752	0.0387903	0.2169071	0.0028283	0.0737303	0.008612	0.0287752	0.0184233	0.0008978	0.0184275	5.24e-05	0.018269900000000002	1
SRR413691	0.2940263487488316	0.6259261815510676	0.025018559442656758	0.05493685181565994	0.2647503618477762	0.0005272073766158936	0.02104772523991041	0.0016953178114853475	0.05205338908795929	0.0019726952057185624	0.007211812250063584	0.08202707680188372	0.0	0.0033675959694229743	1
SRR413692	0.7176316	0.1603968	0.0688807	0.00026389999999999996	0.5866453	7.890000000000001e-05	0.0089494	2.63e-05	3.0200000000000002e-05	0.0	0.0008562	0.0089052	0.0	0.0057426	1
SRR413693	0.3282344156114695	0.5662219335185738	0.10159016687658438	0.003953383841782922	0.20790648725911537	0.0	0.04842709925743606	0.0009341138747608381	0.0	0.0	0.010559082226858573	0.07932837142298584	0.0	0.002549058254574123	1
SRR413694	0.39904576848919815	0.4101843366778874	0.18798782803270833	0.0023265231135665915	0.35519196290924304	0.0	0.013794022846791008	0.0016415574253570919	0.001546548313983311	0.0	0.007350004865466598	0.041223753357947035	0.0	0.0016656597367687561	1
SRR413695	0.8279732	0.0905904	0.0583542	0.000805	0.44486950000000003	0.2600015	0.0	6.6e-05	1.92e-05	0.0	0.0006042	0.00048800000000000004	0.0	0.002437	1
SRR413696	0.5932826999999999	0.3363859	0.024903400000000003	0.044703999999999994	0.5093030000000001	0.00011509999999999999	0.035690400000000004	0.0068647000000000005	0.036519199999999995	3.46e-05	0.0017448	0.0890465	0.0	0.0085093	1
SRR413697	0.7419053000000001	0.1539905	0.1002643	0.0029819	0.5697368	0.0001564	0.0011292000000000001	0.0084893	0.002341	0.0	9.71e-05	0.0144125	0.0	0.0169693	1
SRR413698	0.2738865	0.5873607	0.10493449999999999	0.0084472	0.2514637	8.599999999999999e-06	0.19978739999999998	0.0	0.0014431	0.0	0.0016169	0.050695899999999995	0.0	0.016823099999999997	1
SRR413699	0.619249	0.3564859000000001	0.009738100000000001	0.014527000000000002	0.6000904	0.0	0.07447880000000001	0.005759800000000001	0.0138234	0.0	6.83e-05	0.027292999999999998	0.0	0.0022029000000000003	1
SRR413700	0.47635120000000003	0.4950246	0.018327799999999998	0.0085286	0.36672730000000003	0.08066430000000001	0.1783267	0.00019869999999999998	0.005740800000000001	0.0	0.0005049	0.0447783	1.87e-05	0.010557700000000001	1
SRR413701	0.44411439999999996	0.4467784	0.0105388	0.0985684	0.208783	0.00028649999999999997	0.1360452	0.0054847	0.0797097	0.0208429	0.011198399999999999	0.0260993	0.0	0.014456400000000001	1
SRR413702	0.617840474310078	0.28543436033462144	0.09486292721956047	0.0018622381357400926	0.27191310352190406	0.15090591276055	0.021130451984491507	0.00171182075028597	0.0	0.0	0.001744942962436474	0.02630288551190885	0.0	0.0005632801888958746	1
SRR413703	0.4567821	0.5290213	0.0121271	0.0020695	0.324247	7.96e-05	0.0	0.0	0.0012167	0.033323	0.006299100000000001	0.12538080000000001	0.0	0.042447099999999995	1
SRR413704	0.6976489736929234	0.2871787734343943	0.00541292271511435	0.0022162785711076723	0.532542924012863	0.0	0.0	0.0	0.0	0.0	0.0004974870002504445	0.0	0.0	0.011524348396589995	1
SRR413705	0.06449116256888428	0.4732322537229714	0.08509563181491205	0.377148545178561	0.053424469550090774	3.180659032551545e-05	0.015172743792513809	0.0	0.3690686710286371	0.05827067368358723	0.027369170892208864	0.05059418311474137	0.0	0.0019736089317706628	1
SRR413706	0.28764670000000003	0.1792268	0.3127957	0.2203308	0.2251235	0.0001399	0.0361746	0.004833399999999999	0.21325210000000003	0.0162238	0.0106017	0.016496999999999998	0.0	0.0049387	1
SRR413707	0.5194024	0.4043956	0.036725	0.0394377	0.5085547	0.0015917000000000001	0.0252636	0.0002791	0.0372349	0.0	0.026402799999999997	0.10359739999999999	0.0	0.0043425	1
SRR413708	0.5486017	0.2865972	0.0727929	0.08989620000000001	0.49596809999999997	4.79e-05	0.028912	0.0018477	0.085765	0.005754100000000001	0.006231100000000001	0.0353269	0.0	0.0103358	1
SRR413709	0.44460009999999994	0.4453532	0.0100072	0.1000235	0.269162	0.0172009	0.0026416999999999994	0.0025485000000000004	0.09221510000000001	0.0	0.0002592	0.043047199999999994	0.00042730000000000003	0.027803299999999996	1
SRR413710	0.7516573010850248	0.19892308951284662	0.043039358462165465	0.0062992231111624695	0.45440325823948857	0.004868230219858194	0.01987598828917681	0.02955927421624279	0.002013955892547431	0.0	0.00020728852225842512	0.007313221934647603	0.0	0.004229445489966878	1
SRR413711	0.46216140000000006	0.4594825	0.0542105	0.0179433	0.3193497	0.0	0.018372299999999998	0.011608	0.0	0.0	0.0	0.025507	0.0	0.029638400000000002	1
SRR413712	0.3811701	0.16466520000000004	0.45222070000000003	0.0014203	0.3181263	0.0	0.006855600000000001	0.0012205	0.0	0.0016771	0.0	0.0635068	0.0	0.0022827	1
SRR413713	0.8211379999999999	0.12624739999999998	0.0317975	0.0170931	0.7970689	0.0	0.0	0.0	0.0145269	0.0	0.0	0.0222642	0.0004757	0.0110095	1
SRR413714	0.3310987033352826	0.6188426881155149	0.0383249819006887	0.007331895231220349	0.20229266731383022	0.007023429182786434	0.0760209039795284	0.0038705370631184808	0.0	9.32252946378055e-05	0.001642304879405594	0.17984140099478982	0.0007590901253426742	0.015558605649094297	1
SRR413715	0.5785612	0.27231790000000006	0.0056484000000000005	0.14342770000000002	0.018762400000000002	0.5596949999999999	0.0	3.78e-05	0.137133	0.0261404	0.0016355	0.09456110000000001	0.0	0.0018317	1
SRR413716	0.8895350000000001	0.1005953	0.0070639	0.0028059	0.0331464	0.8065184999999999	0.0007534	0.0007786	0.0021845000000000002	0.0010768	0.0018081	0.0181023	0.0	8.750000000000001e-05	1
SRR413717	0.4914392390772592	0.47502368306315146	0.009798301621050784	0.00860872218884216	0.24808067415035792	0.2145315934713064	0.001265697312298659	0.0002460577989769797	0.00275944819438086	0.0	0.005539401205343135	0.002862172324278973	0.0	0.003345285807636214	1
SRR413718	0.3020535	0.6279136999999999	0.0279569	0.03185	0.267421	0.0	0.0928749	0.0454135	0.0033656	0.0	0.0070367	0.026763699999999998	0.0004887	0.0188412	1
SRR413719	0.1961366	0.6749676	0.0782476	0.0493141	0.1661897	0.0	0.0	0.000883	0.048259699999999996	0.0020756	0.0039546	0.015614099999999999	0.0	0.0324958	1
SRR413720	0.7458007985769378	0.21144394417543824	0.027811182402393206	0.012110385392482012	0.6071608057347104	0.0	0.04096055693133745	0.00039074564682558334	0.011156015688462995	0.015190654051597636	0.0009471917115417569	0.02773363986394166	0.0	0.014287237984318614	1
SRR413721	0.5564135	0.21585810000000002	0.1343029	0.09270640000000001	0.5173183	8.630000000000001e-05	0.0631488	0.0010269	0.092376	0.0125342	0.0052856000000000005	0.0153465	7.82e-05	0.0051016	1
SRR413722	0.5619032569080776	0.3180185108876985	0.05738395189649585	0.05987554058433115	0.5339678989922427	1.5102355967530936e-05	0.03815895279663628	0.0012769992118770528	0.031035641560083375	0.0	0.0021711386976368315	0.08636777337264613	0.0	0.014323134408967798	1
SRR413723	0.5427721	0.44258759999999997	0.0131254	0.0004322	0.42545180000000005	0.0	0.0156711	0.0048195	0.0	0.0	0.0016626	0.0	0.0	0.0085734	1
SRR413724	0.5382769000000001	0.2924982	0.11562999999999998	0.053595	0.11269399999999999	0.2346911	0.0557057	0.0094378	0.0476961	0.0	0.0016267999999999999	0.053385999999999996	0.0	0.019376900000000002	1
SRR413725	0.5290927	0.35053290000000004	0.11674539999999999	0.0034576999999999997	0.1855695	0.31627	0.0002485	0.0017347999999999999	0.000426	0.0	0.0020274	0.018630999999999998	0.0	0.023500099999999996	1
SRR413726	0.7204767	0.2328998	0.041470900000000005	0.0051526	0.2714406	0.3640766	0.023483099999999996	0.0012707000000000003	0.0018877	0.0	0.000546	0.0309023	0.0	0.0015478	1
SRR413727	0.7109307548092272	0.22442013614107972	0.027150899432118698	0.03746670288773682	0.5059196644403244	0.00027695915847625053	0.03710732612486027	0.005366946379746714	0.03476792642908525	0.0	0.0006428373100494266	0.04187274401812228	0.0	0.009940623317140542	1
SRR413728	0.7650116	0.23159229999999997	0.0010077	0.0023885	0.6588074	0.0034178999999999998	2e-06	0.0192098	0.0017235	0.0	0.0006587	4.4e-06	0.0003092	0.0102742	1
SRR413729	0.5046412738330877	0.27497094316484055	0.03830063701542639	0.007142346153655996	0.2934317073311008	0.09689328223326008	0.007706279313500927	0.0023288855363000315	0.0	0.0	0.0029184474352039387	0.0347523683628755	0.0	0.016677145188522077	1
SRR413730	0.7648522	0.12462730000000001	0.07536419999999999	0.0013162000000000002	0.5969019999999999	0.0002567	0.0003712	0.0044364	0.0008841000000000001	0.0	0.00045439999999999993	0.0228965	0.0	0.0022214	1
SRR413731	0.9061676	0.0443321	0.037991000000000004	0.0111987	0.8494264	7.85e-05	0.0102698	0.0023976	0.0105918	0.0	0.0015722	0.0029724	0.0	0.0006329	1
SRR413732	0.13798020967986785	0.3696986249421717	0.02646899814529502	0.4658522672383257	0.11172522364765844	0.00010330584711094645	0.06886999804188917	0.0015684887764647478	0.45692786211699576	0.006035641617315539	0.0009542540107770099	0.05597496818319917	0.0	0.000301517065865928	1
SRR413733	0.47641020000000006	0.3670774	0.1338451	0.0219622	0.4176041	0.0	0.1430236	0.0173793	0.0122536	0.0	0.0033803	0.0107357	0.0	0.015723400000000002	1
SRR413734	0.4967459	0.3152205	0.06578210000000001	0.1222515	0.27913720000000003	0.00028480000000000004	0.024624	0.006509	0.0854495	0.0	0.0	0.0	0.0005497999999999999	0.009272299999999999	1
SRR413735	0.42547579999999996	0.5271840999999999	0.015576099999999999	0.0225184	0.3406365	0.0	0.0932911	0.0025199	0.0146343	0.0	0.0030743999999999997	0.09128639999999999	0.0	0.0217403	1
SRR413736	0.6261761	0.28977109999999995	0.0621209	0.0219319	0.5495223	1.96e-05	0.0318748	0.006803100000000001	0.0194869	0.0023426999999999996	0.0027291999999999998	0.0490678	0.0	0.0045590000000000006	1
SRR413737	0.5322978558285665	0.39045018838167006	0.07482164449061847	0.0023894556333003717	0.03936813908950946	0.41886450288518107	0.001383184589002516	0.0068556408106044495	1.2817463794419898e-05	0.0	0.0002125896534027613	0.11445184063286228	0.0002468363144784769	0.00374910815986782	1
SRR413738	0.17829720000000002	0.4764104	0.0644387	0.2808496	0.1540871	7.859999999999999e-05	0.0	0.0037137	0.22295079999999998	0.24124470000000003	0.048195800000000004	0.0006663	0.0	0.0041849999999999995	1
SRR413739	0.5999420197633469	0.329510951239267	0.027927820258036275	0.0019074730710871616	0.4289155636559204	0.00023721023003941524	0.02429880656000349	0.0029974288429874194	6.127089771656385e-05	0.0	0.0011577878036391884	0.1134556342173839	0.0	0.009478315149234508	1
SRR413740	0.6786365247976346	0.2855956425345866	0.02775341069785145	0.002236191233444712	0.5093763554553673	0.0007593306703130578	0.018662593647023606	0.0010183551524370104	0.0011917732461190686	0.0	0.000545615424226267	0.09068533326998059	0.0	0.0025804211373199647	1
SRR413741	0.3603768	0.1588705	0.0124335	0.46831920000000005	0.24810220000000002	4.04e-05	0.00014209999999999998	0.0088582	0.46500909999999995	0.0002234	0.0002468	0.053325899999999996	3.29e-05	0.0033021999999999995	1
SRR413742	0.46091029999999994	0.5157053	0.021985900000000003	0.0013985	0.4282108	9.979999999999999e-05	0.1030443	0.0001961	0.0	0.0	0.0008404	0.08587030000000001	0.0	0.011808	1
SRR413743	0.28400059078001827	0.5808684775469066	0.11572619922829616	0.019353302014021852	0.19609289510758496	0.0	0.12326173647067892	0.0006300485435242131	0.01826821268534151	0.0	9.296642994582695e-05	0.0383000047307751	0.0	0.01202565090157339	1
SRR413744	0.33256655008479213	0.6034929732160557	0.048959784206620005	0.01179574679461553	0.26726435599663495	0.0008607799074236312	0.13718642249283342	0.002171262779734707	0.0025378097224099875	0.0	0.002353685678041296	0.07069132474548102	0.0	0.003246287023567777	1
SRR413745	0.35665030000000003	0.43699109999999997	0.14682510000000001	0.014025100000000002	0.2412571	0.0020651999999999997	0.0024562	0.0031203999999999997	0.0036615999999999997	0.0	0.0055138999999999995	0.024059900000000002	0.0005419	0.0018669000000000003	1
SRR413746	0.6410043000000001	0.2694229	0.08120339999999998	0.004629899999999999	0.4002383	2.64e-05	0.0359257	0.0223864	0.0026079999999999996	0.0	0.0038090000000000003	0.0035085	1.97e-05	0.0016358	1
SRR413747	0.5160007	0.34542970000000006	0.0118963	0.1266734	0.0151714	0.4741372	0.05749919999999999	0.0005955	0.1218349	0.0007241999999999999	0.0023577	0.0828171	0.0	0.0011143	1
SRR413748	0.5855245	0.3083158	0.0276503	0.0785094	0.1325041	0.0167167	0.005294999999999999	0.0453967	0.0717453	0.0014620999999999998	0.00048820000000000005	0.1099325	1.8800000000000003e-05	0.0113212	1
SRR413749	0.6815316999999999	0.2847427	0.0158231	0.017788099999999998	0.09968869999999999	0.4750435	0.004667600000000001	0.004425	0.0036165000000000004	0.0	0.0012181	0.036509400000000004	0.0	0.0058593000000000004	1
SRR413750	0.4064298	0.3521887	0.0999918	0.0015451999999999998	0.29967340000000003	8.219999999999999e-05	0.0208581	0.0106016	0.00010120000000000001	0.0	0.0029021999999999997	0.0349575	0.0	0.0305945	1
SRR413751	0.35260605988899824	0.5735821390423339	0.019688668332238583	0.008645940567017044	0.23768310169771426	0.0006630670072676676	0.030507399168042917	0.005032912207742413	0.00012192491771321394	0.0	0.002388665554837086	0.15563645559050315	0.0	0.0020547757719546825	1
SRR413752	0.3515614	0.6409398000000001	0.0047839	0.0027149	0.23468699999999998	0.0001635	0.0653031	0.0040675	0.0	0.0	0.0002337	0.06159969999999999	0.0	0.0091158	1
SRR413753	0.6170842	0.28630849999999997	0.0512766	0.04450130000000001	0.4244882	0.0289361	0.0319211	0.0145578	0.0381281	0.0060528000000000005	0.0092135	0.0553682	5.19e-05	0.0007677000000000001	1
SRR413754	0.5206376684555264	0.31881339269582376	0.10582109344356759	0.04474603174772773	0.29026614501356474	0.003186162609046202	0.015307577414829718	0.001970249447042655	0.02137912973740016	0.0031154302265113732	0.0005013237747030441	0.022022879895666533	0.0	0.00570848791795813	1
SRR413755	0.05007969999999999	0.9467569	0.0008699	0.0016939000000000001	0.0483282	0.0	0.0	0.0010245999999999999	0.0015738	0.0	0.0008699999999999999	0.2138254	0.0	0.0008064000000000001	1
SRR413756	0.0067298	0.4615594	0.5230762999999999	0.0085886	0.0034235	0.0032300999999999996	0.284677	0.0	0.0049395	0.0	0.0005496	0.0	0.0	0.0016641	1
